时间 47,59 59
回城 141,148 162,130
151,129
151,122
卖魔石 150,122
转图 153,100 41,91
44,91
44,93
51,93
51,90
47,90
转图 47,85 3,7
3,15
27,15
转图 27,8 44,15
44,6
9,6
9,26
25,22
21,26
治疗 26,22
23,22
转图 23,19 31,48
30,51
21,51
21,38
8,38
8,8
对话 9,8
16,15
15,15
转图 15,18 0,0
遇敌 0,0 0,0
时间 1,43 47
回城 141,148 162,130
151,129
151,122
卖魔石 150,122
转图 153,100 41,91
41,93
29,93
29,91
34,91
34,88
治疗 35,88
回城 141,148 162,130
153,160
155,160
155,199
153,199
转图 153,241 424,259
449,275
479,275
479,316
473,316
对话 472,316 20,14
20,42
27,42
27,59
转图 20,59 34,14
34,21
遇敌 36,32 40,26
重来