时间 46,59
回城 141,148 162,130
151,129
151,122
卖魔石 150,122
转图 153,100 41,91
44,91
44,93
51,93
51,90
47,90
转图 47,85 3,7
3,15
27,15
转图 27,8 44,15
44,6
9,6
9,26
25,22
治疗 26,22
23,22
转图 23,19 31,48
30,51
21,51
21,38
8,38
8,8
对话 9,8
16,15
15,15
转图 15,18 0,0
遇敌 0,0 0,0
时间 0,30 46
回城 141,148 162,130
151,129
151,122
卖魔石 150,122
转图 153,100 41,91
41,93
29,93
29,91
34,91
34,88
治疗 35,88
34,88
34,90
31,90
31,64
41,64
转图 41,50 74,40
74,25
45,25
转图 45,20 25,24
25,27
19,27
19,23
8,23
对话 8,22
5,5
转图 5,1 8,2
8,6
转图 0,6 18,11
10,11
转图 10,16 40,36
40,40
41,40
41,47
转图 67,47 331,481
341,481
341,497
转图 343,497 10,5
遇敌
重来
